5297
5311
5319
5382
5383
5450
5581
5691
5815
5807
5840
5912
5905
5913
6060
5983
6215
6228
6069
6303
6259
6314
6314
6396
6286
6279
6285
6321
6275
6343
6155
6428
6386
6366
6438
6208
6419
6421
6274
6403
6429
6285
6380
6435
6324
6430
6439
6443
6423
6418
6506
6511
6461
6337
6558
6479
6622
6555
6629
6534
6582
6478
6352
6633
6610
6426
6503
6619
6593
6639
6608
6412
6407
6480
6637
6500
6624
6390
6457
6632
6647
6425
6698
6662
6655
6715
6704
6737
6548
6492
6548
6693
6536
6628
6711
6711
6649
6646
6708
6601
6585
6778
6617
6843
6790
6848
6772
6762
6795
6831
6735
7028
6986
6828
6928
7031
7052
6998
7083
7010
6922
6983
6862
6798
6972
6824
6975
6969
7034
7060
7017
6974
6956
7001
6985
7001
6975
6914
7011
7037
6916
7007
6971
7002
7159
6874
7019
7167
7096
7022
6983
7066
7021
7146
7058
7074
7094
7121
7175
7127
7067
7094
7261
7139
7304
7135
7376
7403
7268
7290
7291
7205
7307
7373
7282
7418
7279
7308
7327
7296
7417
7346
7399
7216
7276
7386
7295
7287
7317
7211
7208
7214
7402
7210
7430
7427
7428
7282
7282
7452
7308
7307
7359
7340
7321
7250
7382
7312
7271
7418
7537
7384
7324
7535
7542
7352
7381
7395
7450
7576
7443
7514
7321
7416
7493
7408
7374
7327
7403
7433
7613
7388
7315
7429
7493
7343
7497
7558
7513
7527
7524
7693
7453
7515
7512
7521
7496
7475
7517
7747
7596
7590
7512
7473
7585
7684
7550
7710
7756
7574
7638
7597
7594
7634
7636
7579
7681
7605
7580
7738
7647
7589
7539
7639
7524
7515
7703
7693
7627
7647
7811
7593
7573
7726
7754
7602
7653
7710
7670
7647
7556
7803
7674
7692
7729
7676
7699
7693
7899
7630
7674
7721
7682
7911
7659
7741
7740
7779
7770
7707
7914
7725
7698
7923
7715
7705
7707
7741
7982
7746
7732
7965
7878
7976
8075
8094
7926
8070
7870
7968
7934
7940
7944
7883
7882
7962
7924
7958
7913
7992
7882
7949
7947
7922
7982
8167
8176
7943
7960
7954
8165
7934
8030
7959
7967
8023
8029
8097
8246
8013
7945
8007
8021
8010
8012
7998
7965
8022
7975
8026
8008
8077
8026
8008
7997
8049
8015
8058
8014
8013
8093
8025
8033
8059
8056
8109
8037
8092
8129
8089
8141
8296
8205
8154
8184
8195
8280
8209
8216
8401
